A: ([37.500000, -122.387695], [37.629853, -122.194312])
1: ([37.788353, -122.387695], [37.729853, -122.124312])
2: ([37.429615, -122.087631], [37.487391, -122.018967])
3: ([37.532599,-122.218094], [37.615863,-122.097244])
4: ([37.516262,-122.198181], [37.653383,-122.151489])
5: ([37.474858, -122.131577], [37.529332, -122.056046])
6: ([37.504824,-122.181702], [37.633266,-122.121964])
7: ([37.615863,-122.218094], [37.532599,-122.107244])
8: ([37.555555,-122.218094], [37.555555,-122.097244])
9: ([37.700000,-122.200000], [37.500000,-122.200000])
